Order_ID,Predict_Date,Stock_ID,Date,Closing_Price
0,2021-12-22,11,2022-01-04,8.43
1,2022-01-04,11,2022-01-13,8.51
2,2022-01-13,11,2022-01-24,8.61
3,2022-01-24,11,2022-02-02,8.66
4,2022-02-02,11,2022-02-11,9.28
5,2022-02-11,11,2022-02-23,9.62
6,2022-02-23,11,2022-03-04,9.58
7,2022-03-04,11,2022-03-15,9.46
8,2022-03-15,11,2022-03-24,9.07
9,2022-03-24,11,2022-04-04,9.33
10,2022-04-04,11,2022-04-19,9.55
11,2022-04-19,11,2022-04-28,9.58
12,2022-04-28,11,2022-05-11,9.5
13,2022-05-11,11,2022-05-23,8.77
14,2022-05-23,11,2022-06-01,8.69
15,2022-06-01,11,2022-06-13,8.83
16,2022-06-13,11,2022-06-22,8.49
17,2022-06-22,11,2022-07-01,8.14
18,2022-07-01,11,2022-07-12,8.23
19,2022-07-12,11,2022-07-22,8.14
20,2022-07-22,11,2022-08-04,8.19
21,2022-08-04,11,2022-08-16,8.4
22,2022-08-16,11,2022-08-25,8.69
23,2022-08-25,11,2022-09-05,8.61
24,2022-09-05,11,2022-09-14,8.6
25,2022-09-14,11,2022-09-23,8.64
26,2022-09-23,11,2022-10-04,8.68
27,2022-10-04,11,2022-10-17,8.73
28,2022-10-17,11,2022-10-27,8.77
29,2022-10-27,11,2022-11-07,9.27
30,2022-11-07,11,2022-11-16,9.22
31,2022-11-16,11,2022-11-25,9.2
32,2022-11-25,11,2022-12-07,9.29
33,2022-12-07,11,2022-12-19,9.33
34,2022-12-19,11,2022-12-28,9.69
